
Sample of CM1

2.662579468	2.228882831	0.284332425	38	4.228882831	46.09706627	0.436021798	0.42626703	30.61444142	0.113614896	91.80699362	35.83106265	22.02406903	91.8792007	1
5	8.284838556	0.935758072	41.56354701	0.642419278	57.88222348	0.477212915	0.563996724	34.63628917	0.07	88.01839032	45.72742165	25.64241928	134.4058025	1
0	1	0.07	55	2	50.79	0.43	0.6	42	0.11	89	37	21	140	0
1	4	1	25	2	40.01	0.24	0.25	23	0.15	64	28	16	27	0
3	4	1	17	2	26.81	0.09	1	15	0.13	24	15	13	31	0
2	3	0.6	14	0	12.36	0.06	0.2	11	0.15	16	8	15	33	0
13.37563349	18.19651907	0.878382902	87.13923722	0.589557209	148.7695821	1.528854363	0.114851293	68.35316094	0.097860763	207.0297414	106.4227795	32.39303814	214.9253135	1
6	2	0.4	23	0	43.1	0.22	0.2	20	0.07	40	25	19	71	0
5	4	0.67	29	2	71.49	0.83	0.17	25	0.05	135	62	32	124	0
1.595031832	2.404968168	0.519670703	12.70248408	2	38.23606616	0.15	0.800664336	10.29751592	0.085124204	29.80993634	21	16.40496817	51.08261141	1
2.566348993	3.566348993	0.968850805	17.39809396	1.849523489	54.32085772	0.50867302	0.298850805	15.54857047	0.059911107	106.7612718	45.29206376	24.27428523	66.69904698	1
1.388279254	2.223441492	0.805860373	9.446882985	1.611720746	28.18669616	0.080586037	0.396007473	8.835162239	0.051648378	19.11720746	15.44688298	13.61172075	53.69227134	1
3	2	1	8	3	16.21	0.06	0.5	8	0.06	13	8	13	36	0
2	3	1	10	1.959271198	39.32806026	0.148370848	0.33	9	0.06	27.71489838	23.75562719	18.9592712	47.12218641	1

Sample of PC4

6	0.17	6	2.67	4	21	5	23	24.52	622.26	524.01	0.83	8	17	65	61	1
0	0.55	0	0	18	143	18	67	42.08	10770.43	2856.25	0.49	0	108	285	69	0
9	0.42	18	2.11	1	40	4	26	27.51	577.93	535	0.36	19	31	57	46	0
0	0.06	0	0	1	1	1	5	61.05	339.19	610.53	1	0	2	77	22	0
0	0.25	2	2	2	7	1	8	18.89	33.21	106.27	0.5	2	7	16	13	0
9	0.08	4	2	2	23	1	37	43.31	1954.27	1234.28	0.33	4	22	126	58	1
0	0.1	0	0	1	1	1	10	20.35	80.47	171.67	1	0	2	27	12	0
1.521704426	0.120434089	6.05787847	2	1.492765191	20.07234809	1	35.98553038	31.95907493	1100.455159	793.1430974	0.209421215	6.05787847	17.05787847	103.8408342	52.52170443	1
23	0.31	20	2.6	11	49	17	46	29.38	1363.34	849.14	1	26	34	95	118	0
0	0.05	0	0	1	2	1	19	40.08	405.77	541.03	1	0	3	73	25	0
0	0.21	0	0	1	40	8	31	29.53	3679.22	1398.44	0.8	0	32	141	50	0
14.79420726	0.173826218	17.58841452	2.119613817	6	47.9710363	3.392276346	53.60772365	30.58801843	3791.626048	1442.825933	0.279517272	18.78455269	38.98069086	152.7942073	101.8328255	1
6	0.17	12	2.17	7	37	3	44	34.95	2651.53	1291.45	0.38	13	31	153	72	0
